1000 1000
309 -22 482 -34 267 -230 224 -195 -66 329 -23 230 367 -57 -302 -259 -125 208 -388 -5 262 214 441 -479 -181 340 5 131 -317 482 345 493 312 327 311 431 -50 35 -264 -264 -135 -434 -182 84 361 16 -323 -264 77 -210 231 -161 -144 -475 212 175 365 -283 158 -452 51 3 -107 -137 182 -295 -205 -368 -408 383 220 -43 -199 -462 -107 -337 407 423 251 -16 65 335 323 -227 360 36 -200 -423 253 458 -23 -195 -39 -277 -480 -5 -72 167 128 20 51 200 -170 -296 239 -425 -133 498 -150 -381 -18 415 454 157 -312 -334 -307 -12 95 -201 298 -76 456 -241 147 476 255 -73 144 235 -200 47 287 482 251 26 -443 -29 24 -92 442 -142 175 -252 -484 -284 -86 61 -444 -139 -288 355 285 -332 -34 -67 -3 73 -288 -7 -192 12 -460 -52 -6 -357 474 404 114 351 164 408 -291 -161 -344 77 407 422 -361 464 -217 203 319 -79 -276 137 -294 221 -289 -82 66 371 431 458 -181 277 -399 146 181 -432 -3 -155 476 -442 -463 -15 136 444 -93 -373 408 -457 -318 -421 -36 -94 217 170 -373 428 -60 193 -349 -129 151 -29 -351 -395 -383 -318 25 466 28 1 -476 65 486 -488 9 246 -9 270 289 174 349 -247 -420 418 -225 60 -302 215 105 -150 -61 109 321 440 214 -210 -378 -261 -244 150 -408 132 67 -69 497 -71 -323 -12 -301 -182 14 -100 423 447 -181 -302 7 17 -235 -388 367 204 221 -460 496 287 182 -381 -474 -210 -379 -29 423 189 402 -228 -30 -69 -388 169 249 127 -431 172 74 -112 -278 -419 -242 -13 45 -23 44 -233 370 40 -94 52 -489 -67 343 -15 -244 -382 26 -342 242 496 89 354 165 190 333 -414 -138 -93 327 84 340 -415 -77 -114 62 -181 -495 -68 -288 263 -163 -277 -304 32 208 -48 -498 -266 462 244 -270 403 450 -253 93 284 -166 -193 -309 -339 -257 -116 98 167 -378 12 486 -21 -203 -302 -258 134 274 291 18 334 95 20 -431 58 116 151 -39 66 -249 -93 -150 437 214 394 -50 458 -222 -452 477 -100 60 463 379 -291 14 -379 343 140 -236 213 -26 360 -267 43 -82 -299 47 -269 268 -350 490 -382 -413 205 -488 37 -485 142 437 492 -458 -3 -193 -227 207 -327 247 402 313 -489 116 -212 371 -299 -317 141 -97 230 -275 -329 -268 -285 141 -181 420 -494 356 435 148 293 -221 -457 143 87 -184 202 260 -85 456 74 -73 72 362 150 -374 -455 -208 29 -372 17 -448 -140 232 -455 -468 -495 -97 -260 -208 -448 -114 72 -53 -119 -341 -385 -417 -229 31 -461 345 -190 464 -441 460 -58 -43 104 -177 437 -379 -125 -203 -294 272 181 63 -324 422 355 80 -192 -73 -473 -459 438 -6 -376 -290 -475 15 -93 -165 331 -33 -204 -227 424 -248 448 -287 -126 -177 10 432 -52 44 -5 124 -34 202 56 -374 -18 435 -333 -80 -71 143 482 -45 10 -110 -358 194 -291 290 -181 -15 -457 -232 198 269 443 60 201 -109 -396 48 -133 422 102 423 -100 -416 358 419 357 140 414 339 -405 -75 81 -263 -29 290 -120 290 127 -77 -442 -175 -308 -498 -262 -255 -107 -158 293 -387 117 247 -112 -483 332 -253 -211 189 387 -297 380 -166 480 314 423 -49 456 -197 -258 84 226 -200 -239 -230 154 -1 15 -100 -306 160 13 311 -92 401 328 92 0 -31 133 239 173 13 -427 153 -173 -151 -395 136 152 199 -280 231 499 333 -499 -494 -167 17 -94 27 29 419 -162 437 320 18 29 173 488 -338 -88 -487 -472 338 166 207 -313 -377 -157 -309 322 415 422 -326 249 -224 -320 -418 -355 86 461 174 5 151 464 177 -331 345 -150 9 -140 263 22 -112 453 -311 -53 -360 164 291 -169 -13 -442 106 161 307 382 341 -259 -121 279 -298 -447 136 353 -131 -187 -125 -285 -484 -264 75 -369 259 -185 -416 -200 262 -276 464 405 407 -49 464 365 -36 -377 -401 157 217 -22 -64 419 384 -428 -375 -247 238 352 320 254 -412 -105 385 -301 -438 469 -1 325 45 -36 -418 304 -233 -102 170 -416 22 269 241 -261 -252 30 10 -368 102 487 237 -160 -309 58 -54 -220 -195 -169 -21 220 152 -169 397 49 -353 479 -146 266 -122 -476 350 -248 293 444 343 -459 -26 205 25 -424 193 115 269 -264 25 -285 16 330 399 -152 50 51 -469 -53 -399 -322 279 -45 444 -343 -21 -353 261 124 -409 104 -482 65 -191 43 493 -146 -342 262 91 183 478 -41 366 377 -341 268 280 -310 68 381 -132 -153 188 165 356 19 312 469 -356 403 73 14 320 382 -443 313 89 68 76 -320 103 406 491 321 -365 -349 442 415 193 10 -351 -86 -291 -311 -421 -83 209 -257 -114 -295 -354 -189 -429 -182 -307 -372 -369 -366 -452 207 166 -496 465 158 325 -400 -339 -381 -132 354 129 17 -232 -310 -442 -153 459 267 90 -155 -176 -412 156 -105 258 -298 376 390 188 -224 449 -145 -220 415 -487 -42 -133 -326 77 235 -472 59 104 149 -399 163 496 -439 282 439 258 -41 -121 267 -294 -362 -179 -66 -120 -491 211 -171 -136 -157 96 -123 -347 -184 
2 1
3 2
4 3
5 4
6 5
7 6
8 7
9 8
10 9
11 10
12 11
13 12
14 13
15 14
16 15
17 16
18 17
19 18
20 19
21 20
22 21
23 22
24 23
25 24
26 25
27 26
28 27
29 28
30 29
31 30
32 31
33 32
34 33
35 34
36 35
37 36
38 37
39 38
40 39
41 40
42 41
43 42
44 43
45 44
46 45
47 46
48 47
49 48
50 49
51 50
52 51
53 52
54 53
55 54
56 55
57 56
58 57
59 58
60 59
61 60
62 61
63 62
64 63
65 64
66 65
67 66
68 67
69 68
70 69
71 70
72 71
73 72
74 73
75 74
76 75
77 76
78 77
79 78
80 79
81 80
82 81
83 82
84 83
85 84
86 85
87 86
88 87
89 88
90 89
91 90
92 91
93 92
94 93
95 94
96 95
97 96
98 97
99 98
100 99
101 100
102 101
103 102
104 103
105 104
106 105
107 106
108 107
109 108
110 109
111 110
112 111
113 112
114 113
115 114
116 115
117 116
118 117
119 118
120 119
121 120
122 121
123 122
124 123
125 124
126 125
127 126
128 127
129 128
130 129
131 130
132 131
133 132
134 133
135 134
136 135
137 136
138 137
139 138
140 139
141 140
142 141
143 142
144 143
145 144
146 145
147 146
148 147
149 148
150 149
151 150
152 151
153 152
154 153
155 154
156 155
157 156
158 157
159 158
160 159
161 160
162 161
163 162
164 163
165 164
166 165
167 166
168 167
169 168
170 169
171 170
172 171
173 172
174 173
175 174
176 175
177 176
178 177
179 178
180 179
181 180
182 181
183 182
184 183
185 184
186 185
187 186
188 187
189 188
190 189
191 190
192 191
193 192
194 193
195 194
196 195
197 196
198 197
199 198
200 199
201 200
202 201
203 202
204 203
205 204
206 205
207 206
208 207
209 208
210 209
211 210
212 211
213 212
214 213
215 214
216 215
217 216
218 217
219 218
220 219
221 220
222 221
223 222
224 223
225 224
226 225
227 226
228 227
229 228
230 229
231 230
232 231
233 232
234 233
235 234
236 235
237 236
238 237
239 238
240 239
241 240
242 241
243 242
244 243
245 244
246 245
247 246
248 247
249 248
250 249
251 250
252 251
253 252
254 253
255 254
256 255
257 256
258 257
259 258
260 259
261 260
262 261
263 262
264 263
265 264
266 265
267 266
268 267
269 268
270 269
271 270
272 271
273 272
274 273
275 274
276 275
277 276
278 277
279 278
280 279
281 280
282 281
283 282
284 283
285 284
286 285
287 286
288 287
289 288
290 289
291 290
292 291
293 292
294 293
295 294
296 295
297 296
298 297
299 298
300 299
301 300
302 301
303 302
304 303
305 304
306 305
307 306
308 307
309 308
310 309
311 310
312 311
313 312
314 313
315 314
316 315
317 316
318 317
319 318
320 319
321 320
322 321
323 322
324 323
325 324
326 325
327 326
328 327
329 328
330 329
331 330
332 331
333 332
334 333
335 334
336 335
337 336
338 337
339 338
340 339
341 340
342 341
343 342
344 343
345 344
346 345
347 346
348 347
349 348
350 349
351 350
352 351
353 352
354 353
355 354
356 355
357 356
358 357
359 358
360 359
361 360
362 361
363 362
364 363
365 364
366 365
367 366
368 367
369 368
370 369
371 370
372 371
373 372
374 373
375 374
376 375
377 376
378 377
379 378
380 379
381 380
382 381
383 382
384 383
385 384
386 385
387 386
388 387
389 388
390 389
391 390
392 391
393 392
394 393
395 394
396 395
397 396
398 397
399 398
400 399
401 400
402 401
403 402
404 403
405 404
406 405
407 406
408 407
409 408
410 409
411 410
412 411
413 412
414 413
415 414
416 415
417 416
418 417
419 418
420 419
421 420
422 421
423 422
424 423
425 424
426 425
427 426
428 427
429 428
430 429
431 430
432 431
433 432
434 433
435 434
436 435
437 436
438 437
439 438
440 439
441 440
442 441
443 442
444 443
445 444
446 445
447 446
448 447
449 448
450 449
451 450
452 451
453 452
454 453
455 454
456 455
457 456
458 457
459 458
460 459
461 460
462 461
463 462
464 463
465 464
466 465
467 466
468 467
469 468
470 469
471 470
472 471
473 472
474 473
475 474
476 475
477 476
478 477
479 478
480 479
481 480
482 481
483 482
484 483
485 484
486 485
487 486
488 487
489 488
490 489
491 490
492 491
493 492
494 493
495 494
496 495
497 496
498 497
499 498
500 499
501 500
502 501
503 502
504 503
505 504
506 505
507 506
508 507
509 508
510 509
511 510
512 511
513 512
514 513
515 514
516 515
517 516
518 517
519 518
520 519
521 520
522 521
523 522
524 523
525 524
526 525
527 526
528 527
529 528
530 529
531 530
532 531
533 532
534 533
535 534
536 535
537 536
538 537
539 538
540 539
541 540
542 541
543 542
544 543
545 544
546 545
547 546
548 547
549 548
550 549
551 550
552 551
553 552
554 553
555 554
556 555
557 556
558 557
559 558
560 559
561 560
562 561
563 562
564 563
565 564
566 565
567 566
568 567
569 568
570 569
571 570
572 571
573 572
574 573
575 574
576 575
577 576
578 577
579 578
580 579
581 580
582 581
583 582
584 583
585 584
586 585
587 586
588 587
589 588
590 589
591 590
592 591
593 592
594 593
595 594
596 595
597 596
598 597
599 598
600 599
601 600
602 601
603 602
604 603
605 604
606 605
607 606
608 607
609 608
610 609
611 610
612 611
613 612
614 613
615 614
616 615
617 616
618 617
619 618
620 619
621 620
622 621
623 622
624 623
625 624
626 625
627 626
628 627
629 628
630 629
631 630
632 631
633 632
634 633
635 634
636 635
637 636
638 637
639 638
640 639
641 640
642 641
643 642
644 643
645 644
646 645
647 646
648 647
649 648
650 649
651 650
652 651
653 652
654 653
655 654
656 655
657 656
658 657
659 658
660 659
661 660
662 661
663 662
664 663
665 664
666 665
667 666
668 667
669 668
670 669
671 670
672 671
673 672
674 673
675 674
676 675
677 676
678 677
679 678
680 679
681 680
682 681
683 682
684 683
685 684
686 685
687 686
688 687
689 688
690 689
691 690
692 691
693 692
694 693
695 694
696 695
697 696
698 697
699 698
700 699
701 700
702 701
703 702
704 703
705 704
706 705
707 706
708 707
709 708
710 709
711 710
712 711
713 712
714 713
715 714
716 715
717 716
718 717
719 718
720 719
721 720
722 721
723 722
724 723
725 724
726 725
727 726
728 727
729 728
730 729
731 730
732 731
733 732
734 733
735 734
736 735
737 736
738 737
739 738
740 739
741 740
742 741
743 742
744 743
745 744
746 745
747 746
748 747
749 748
750 749
751 750
752 751
753 752
754 753
755 754
756 755
757 756
758 757
759 758
760 759
761 760
762 761
763 762
764 763
765 764
766 765
767 766
768 767
769 768
770 769
771 770
772 771
773 772
774 773
775 774
776 775
777 776
778 777
779 778
780 779
781 780
782 781
783 782
784 783
785 784
786 785
787 786
788 787
789 788
790 789
791 790
792 791
793 792
794 793
795 794
796 795
797 796
798 797
799 798
800 799
801 800
802 801
803 802
804 803
805 804
806 805
807 806
808 807
809 808
810 809
811 810
812 811
813 812
814 813
815 814
816 815
817 816
818 817
819 818
820 819
821 820
822 821
823 822
824 823
825 824
826 825
827 826
828 827
829 828
830 829
831 830
832 831
833 832
834 833
835 834
836 835
837 836
838 837
839 838
840 839
841 840
842 841
843 842
844 843
845 844
846 845
847 846
848 847
849 848
850 849
851 850
852 851
853 852
854 853
855 854
856 855
857 856
858 857
859 858
860 859
861 860
862 861
863 862
864 863
865 864
866 865
867 866
868 867
869 868
870 869
871 870
872 871
873 872
874 873
875 874
876 875
877 876
878 877
879 878
880 879
881 880
882 881
883 882
884 883
885 884
886 885
887 886
888 887
889 888
890 889
891 890
892 891
893 892
894 893
895 894
896 895
897 896
898 897
899 898
900 899
901 900
902 901
903 902
904 903
905 904
906 905
907 906
908 907
909 908
910 909
911 910
912 911
913 912
914 913
915 914
916 915
917 916
918 917
919 918
920 919
921 920
922 921
923 922
924 923
925 924
926 925
927 926
928 927
929 928
930 929
931 930
932 931
933 932
934 933
935 934
936 935
937 936
938 937
939 938
940 939
941 940
942 941
943 942
944 943
945 944
946 945
947 946
948 947
949 948
950 949
951 950
952 951
953 952
954 953
955 954
956 955
957 956
958 957
959 958
960 959
961 960
962 961
963 962
964 963
965 964
966 965
967 966
968 967
969 968
970 969
971 970
972 971
973 972
974 973
975 974
976 975
977 976
978 977
979 978
980 979
981 980
982 981
983 982
984 983
985 984
986 985
987 986
988 987
989 988
990 989
991 990
992 991
993 992
994 993
995 994
996 995
997 996
998 997
999 998
1000 999
904 -417
52 -216
995 -492
934 -405
672 -219
509 305
573 -233
265 452
35 -29
443 207
258 322
717 468
504 -419
665 -48
811 -331
769 214
253 319
999 98
180 -217
695 350
565 -298
657 -363
822 -228
442 -293
744 383
915 -147
58 131
322 412
65 -163
365 374
860 -368
941 -37
305 -210
63 -17
574 -392
687 -362
663 194
276 -16
967 216
44 -438
952 458
416 -140
942 -412
273 -143
427 137
584 -215
122 24
749 277
815 -338
614 240
271 -201
879 433
994 5
770 459
574 312
374 376
123 288
237 -85
878 8
773 155
498 -144
941 471
233 -460
749 -102
204 -139
139 325
13 -132
759 -143
226 27
318 -350
341 -458
27 314
832 -238
231 208
772 -146
364 120
63 155
592 -206
48 -160
46 102
54 35
429 -434
257 -314
424 333
67 -408
985 258
488 -490
573 -182
274 -346
379 -104
510 241
17 71
749 108
219 295
301 115
751 -147
151 -322
772 258
717 47
593 282
992 76
893 -22
587 -35
149 -289
972 26
608 -20
620 124
405 -133
585 474
516 384
590 -235
590 -409
796 213
203 11
613 294
647 455
723 38
435 -192
356 82
873 -173
462 -21
160 -420
456 63
449 -109
890 -185
628 -22
933 69
923 227
283 -376
239 -254
271 -264
202 492
776 487
653 -370
923 24
810 -117
357 469
464 311
885 -237
556 274
579 -318
605 10
752 378
590 -115
3 328
632 124
65 -315
617 -309
173 121
323 -406
146 -369
830 1
453 -207
666 -163
557 -280
112 -13
755 215
350 6
595 439
892 448
120 375
574 35
61 41
728 -268
163 -99
680 160
885 8
514 -163
154 -322
27 -438
751 -363
550 5
205 -250
12 -350
542 -246
452 160
482 -124
549 41
270 -225
127 -68
29 305
445 -236
666 457
954 319
489 479
234 -262
469 -366
96 -475
385 -42
176 426
714 478
939 -306
355 -14
89 124
114 -286
409 -359
372 352
759 -112
162 211
208 149
44 -60
889 11
575 483
537 -189
443 -436
238 7
395 27
54 249
15 -359
726 -373
708 -15
622 -70
690 -121
820 350
443 -122
501 -15
172 240
350 -403
76 -263
409 17
654 497
377 -452
526 282
150 391
276 374
19 483
360 491
766 -100
723 84
251 -335
964 250
3 -14
491 -149
584 66
942 492
436 94
342 -336
643 366
947 291
110 -279
18 -20
557 228
472 174
129 -306
259 231
712 73
482 213
60 -176
418 495
243 -142
340 -471
305 180
194 447
900 -9
91 -492
66 -40
489 473
541 460
648 -479
507 -242
753 69
832 85
635 -257
910 -449
239 3
762 77
534 -434
610 -422
366 8
923 307
870 487
268 -143
961 -340
670 460
182 27
219 433
97 -99
519 231
645 280
135 -266
284 396
164 -332
963 -375
248 179
634 21
487 2
509 -394
213 320
267 381
781 -53
410 -150
733 357
753 102
589 248
383 -425
984 -482
972 -2
187 -215
624 285
317 109
307 302
464 -334
909 175
340 26
558 -29
326 -182
823 -91
528 74
13 -32
323 246
544 157
765 366
509 -197
152 -17
441 -33
93 -401
622 56
618 382
584 456
409 -360
429 -414
811 102
496 -162
177 7
159 350
607 201
861 222
568 220
26 -430
204 318
890 148
918 362
557 34
745 -361
844 5
281 -229
592 -58
874 -414
133 -99
947 -210
604 52
344 315
275 -238
536 152
333 -409
471 73
740 239
437 -205
626 32
435 -32
38 -434
92 128
862 -184
68 493
70 -487
637 -475
918 479
841 -309
595 -124
196 -222
468 165
853 58
757 140
854 234
173 -213
555 -290
707 146
191 67
315 -243
561 236
623 48
762 39
881 101
84 -26
330 -222
753 -352
297 456
707 -96
597 411
139 269
552 193
332 -243
692 21
825 -143
132 236
94 -395
286 354
998 17
809 -420
992 -11
711 -405
991 -142
53 196
764 148
961 401
770 11
595 -400
769 137
975 444
996 -43
33 -412
563 169
296 59
187 -45
992 -323
297 202
274 -214
61 177
984 -325
326 -205
78 -405
807 -477
548 426
662 21
871 -492
979 402
97 41
573 243
453 258
551 -56
289 347
499 413
134 58
591 -32
87 -233
764 -337
715 69
539 -238
496 51
784 217
560 -386
621 -492
8 44
752 -41
655 -198
904 -206
150 253
560 -218
313 1
752 250
770 366
914 -17
437 303
746 -217
356 381
2 414
348 473
923 -146
518 -474
166 23
329 -79
819 329
175 -123
464 338
232 66
589 -500
434 353
836 -279
658 81
505 -488
815 5
927 13
479 -299
868 -153
228 -468
872 407
454 -459
737 480
771 51
819 -499
471 -93
2 403
261 337
125 417
771 128
282 436
135 -292
450 464
762 168
313 488
53 35
248 358
577 -165
839 198
887 156
701 -144
416 -447
612 -472
243 235
298 -136
717 79
653 -298
140 -399
167 400
122 330
241 -326
366 -13
33 -207
823 -278
993 -440
231 -456
418 146
450 -472
27 192
117 -177
409 332
255 -439
387 -107
515 52
646 136
736 -263
163 -48
77 46
747 398
769 -410
312 498
487 -420
997 435
109 -478
980 76
699 -112
761 452
450 -354
699 -185
52 195
304 -362
934 -35
591 -491
12 188
261 279
131 71
131 116
652 -374
553 -389
150 383
41 347
272 -348
800 -428
300 349
741 202
546 -457
841 330
510 282
840 372
472 -49
5 101
375 -366
571 -123
261 -26
842 261
358 381
609 129
386 260
54 184
962 293
739 6
838 78
337 198
714 28
571 -316
332 426
138 206
61 207
436 173
182 -224
435 39
510 -105
521 395
508 73
932 -32
720 170
328 56
601 163
607 -187
544 28
850 375
456 487
934 15
695 -132
189 376
998 475
768 6
371 -213
754 377
213 -463
698 431
708 -476
840 159
41 -55
974 435
975 -326
163 -71
162 -405
297 356
817 -15
85 313
813 351
672 -318
491 277
412 202
815 -40
987 373
838 325
533 377
624 357
165 449
33 -173
731 -307
775 -474
402 90
864 -15
756 175
689 -73
210 -322
557 472
234 -130
434 -281
244 -230
397 275
500 -129
986 163
321 -483
343 -450
211 -383
430 112
60 -208
450 315
321 -362
595 29
669 -350
503 -247
521 435
473 -385
558 -279
891 -444
593 375
72 -235
245 -86
668 307
884 -404
420 442
742 -280
758 -439
711 -149
591 231
854 -56
985 -127
732 309
489 -212
31 231
697 474
959 -380
592 55
887 -241
363 269
708 -367
64 -52
354 321
510 -84
525 -48
148 -122
249 -369
104 480
941 444
621 470
28 -183
298 -163
790 388
893 175
500 -246
445 -293
388 7
656 241
681 17
158 57
970 -196
288 -283
788 -110
550 228
335 -330
51 213
840 -153
52 480
589 443
656 -413
199 -49
295 85
311 -198
679 491
820 -313
901 288
844 -313
358 131
578 -241
360 -236
430 -91
978 120
110 -472
601 197
325 107
137 22
59 -69
460 -132
734 -362
712 52
326 111
693 21
799 -99
153 -124
661 11
993 -59
273 -179
62 -119
703 -487
431 -474
621 67
901 178
351 -141
400 -417
850 -390
988 27
723 -469
49 20
433 -300
249 -407
64 92
535 -165
915 448
70 116
314 -1
995 -214
419 394
317 268
606 215
852 -45
827 -310
983 400
222 -470
773 -494
231 -479
452 145
966 -163
981 -269
286 -99
848 451
902 -307
238 171
440 53
441 -455
622 143
501 -53
835 -18
348 -93
865 -29
766 -54
493 -284
92 310
555 -429
42 -309
826 -259
143 226
435 231
398 374
638 -311
920 -242
834 271
58 -481
606 256
779 -31
228 44
916 -428
761 -494
883 -186
430 423
507 -246
517 -500
333 451
85 -418
178 221
272 -52
332 -44
220 -112
476 324
497 -246
646 223
799 60
148 410
919 -119
226 199
658 -417
307 -327
436 138
477 19
73 153
593 196
454 423
153 -476
664 480
201 -341
587 345
236 236
758 -118
647 175
117 -277
728 273
307 -467
947 -406
24 -77
614 -404
429 -294
145 -266
482 -204
259 -355
629 -41
657 -286
305 391
951 -438
627 449
90 242
173 316
868 331
850 313
926 373
589 38
322 -131
97 -35
604 78
114 361
76 242
321 231
309 477
976 111
40 101
561 -20
696 232
298 62
564 -2
728 -12
724 -184
380 -104
38 327
862 140
406 -173
502 332
422 -326
565 229
152 39
341 42
493 400
375 39
634 -477
454 48
523 -320
38 97
849 268
995 385
596 -293
878 -147
535 231
186 455
906 249
686 -92
641 -123
303 -16
279 -472
24 -237
53 328
812 74
362 -300
524 -291
969 17
448 416
726 -176
270 -241
408 -46
216 -188
557 -248
73 -304
630 226
34 -241
756 -92
875 307
238 186
734 98
239 -244
160 59
775 458
476 351
636 244
463 -458
551 177
708 -394
282 -369
656 -237
859 188
523 465
97 249
125 185
436 357
636 -475
466 295
585 91
106 -441
443 240
156 405
784 206
935 342
813 68
974 319
832 -317
508 205
149 456
455 -228
994 -259
482 129
268 447
425 -297
891 381
616 -167
623 270
591 257
829 24
600 493
93 72
813 -225
109 172
982 108
629 287
234 121
30 214
603 148
14 -122
852 404
261 -34
590 382
590 -321
640 269
704 90
763 -352
515 75
424 122
600 256
232 -273
545 -36
201 425
531 -345
574 44
534 276
801 293
596 -111
676 -316
569 166
306 123
257 -432
124 -377
996 399
746 94
656 -172
174 51
145 225
829 175
881 -99
572 -86
531 -129
208 -375
113 -265
662 180
254 466
656 362
35 279
986 -119
679 -418
976 185
764 -352
590 407
227 -83
583 -394
172 -347
873 201
877 -68
827 488
20 -13
21 -228
454 -472
487 340
808 -29
222 337
907 49
875 169
50 315
577 -225
234 11
383 256
17 106
458 393
39 135
234 -443
475 -246
331 -221
283 -332
