1073741824 1073741826 1073741828 1073741830 1073741832 
1073741825 1073741827 1073741829 1073741831 1073741833 
2147483648 2147483650 2147483652 2147483654 2147483656 
2147483649 2147483651 2147483653 2147483655 2147483657 
4294967296 4294967298 4294967300 4294967302 4294967304 
1073741824 1073741826 1073741828 1073741830 
1073741825 1073741827 1073741829 1073741831 
2147483648 2147483650 2147483652 2147483654 
2147483649 2147483651 2147483653 2147483655 
1073741824 1073741826 1073741828 1073741830 1073741832 1073741834 
1073741825 1073741827 1073741829 1073741831 1073741833 1073741835 
2147483648 2147483650 2147483652 2147483654 2147483656 2147483658 
2147483649 2147483651 2147483653 2147483655 2147483657 2147483659 
1073741824 1073741826 1073741828 1073741830 1073741832 1073741834 
1073741825 1073741827 1073741829 1073741831 1073741833 1073741835 
2147483648 2147483650 2147483652 2147483654 2147483656 2147483658 
2147483649 2147483651 2147483653 2147483655 2147483657 2147483659 
4294967296 4294967298 4294967300 4294967302 4294967304 4294967306 
4294967297 4294967299 4294967301 4294967303 4294967305 4294967307 
